(kicad_pcb (version 20171130) (host pcbnew 5.0.1)

  (general
    (thickness 1.6)
    (drawings 1)
    (tracks 318)
    (zones 0)
    (modules 141)
    (nets 154)
  )

  (page A4)
  (layers
    (0 F.Cu signal)
    (31 B.Cu signal)
    (32 B.Adhes user)
    (33 F.Adhes user)
    (34 B.Paste user)
    (35 F.Paste user)
    (36 B.SilkS user)
    (37 F.SilkS user)
    (38 B.Mask user)
    (39 F.Mask user)
    (40 Dwgs.User user)
    (41 Cmts.User user)
    (42 Eco1.User user)
    (43 Eco2.User user)
    (44 Edge.Cuts user)
    (45 Margin user)
    (46 B.CrtYd user)
    (47 F.CrtYd user)
    (48 B.Fab user)
    (49 F.Fab user)
  )

  (setup
    (last_trace_width 0.25)
    (user_trace_width 0.5)
    (user_trace_width 1)
    (trace_clearance 0.2)
    (zone_clearance 0.508)
    (zone_45_only no)
    (trace_min 0.2)
    (segment_width 0.2)
    (edge_width 0.15)
    (via_size 0.8)
    (via_drill 0.4)
    (via_min_size 0.4)
    (via_min_drill 0.3)
    (uvia_size 0.3)
    (uvia_drill 0.1)
    (uvias_allowed no)
    (uvia_min_size 0.2)
    (uvia_min_drill 0.1)
    (pcb_text_width 0.3)
    (pcb_text_size 1.5 1.5)
    (mod_edge_width 0.15)
    (mod_text_size 1 1)
    (mod_text_width 0.15)
    (pad_size 1.524 1.524)
    (pad_drill 0.762)
    (pad_to_mask_clearance 0.051)
    (solder_mask_min_width 0.25)
    (aux_axis_origin 0 0)
    (visible_elements FFFFFF7F)
    (pcbplotparams
      (layerselection 0x010fc_ffffffff)
      (usegerberextensions false)
      (usegerberattributes false)
      (usegerberadvancedattributes false)
      (creategerberjobfile false)
      (excludeedgelayer true)
      (linewidth 0.100000)
      (plotframeref false)
      (viasonmask false)
      (mode 1)
      (useauxorigin false)
      (hpglpennumber 1)
      (hpglpenspeed 20)
      (hpglpendiameter 15.000000)
      (psnegative false)
      (psa4output false)
      (plotreference true)
      (plotvalue true)
      (plotinvisibletext false)
      (padsonsilk false)
      (subtractmaskfromsilk false)
      (outputformat 1)
      (mirror false)
      (drillshape 1)
      (scaleselection 1)
      (outputdirectory ""))
  )

  (net 0 "")
  (net 1 "/Digital logic/HK0")
  (net 2 "Net-(R201-Pad2)")
  (net 3 "/Digital logic/HK1")
  (net 4 "Net-(R202-Pad2)")
  (net 5 GND)
  (net 6 "Net-(R205-Pad1)")
  (net 7 "Net-(R206-Pad1)")
  (net 8 "Net-(R401-Pad2)")
  (net 9 "/Digital logic/HK2")
  (net 10 "Net-(R402-Pad2)")
  (net 11 "/Digital logic/HK3")
  (net 12 "Net-(R405-Pad1)")
  (net 13 "Net-(R406-Pad1)")
  (net 14 "Net-(R501-Pad2)")
  (net 15 "/Digital logic/HK4")
  (net 16 "Net-(R502-Pad2)")
  (net 17 "/Digital logic/HK5")
  (net 18 "Net-(R505-Pad1)")
  (net 19 "Net-(R506-Pad1)")
  (net 20 "Net-(C601-Pad1)")
  (net 21 "Net-(C603-Pad1)")
  (net 22 "Net-(R602-Pad1)")
  (net 23 "Net-(C604-Pad2)")
  (net 24 "Net-(C611-Pad2)")
  (net 25 /VMOTOR)
  (net 26 "Net-(R701-Pad2)")
  (net 27 "Net-(C703-Pad2)")
  (net 28 "Net-(R703-Pad2)")
  (net 29 +5V)
  (net 30 "Net-(R801-Pad2)")
  (net 31 "Net-(C803-Pad2)")
  (net 32 "Net-(R803-Pad2)")
  (net 33 +7.5V)
  (net 34 "Net-(R1401-Pad1)")
  (net 35 "Net-(R1402-Pad1)")
  (net 36 /VIN_RAW)
  (net 37 /sheet5C45D717/V2)
  (net 38 /sheet5C45D717/V1)
  (net 39 "/Digital logic/POL1")
  (net 40 "/Digital logic/PWM1")
  (net 41 "/Digital logic/POL0")
  (net 42 "/Digital logic/PWM0")
  (net 43 +12V)
  (net 44 /Motor/V2)
  (net 45 /Motor/V1)
  (net 46 /sheet5C45DA5C/V1)
  (net 47 /sheet5C45DA5C/V2)
  (net 48 "/Digital logic/PWM2")
  (net 49 "/Digital logic/POL2")
  (net 50 "/Digital logic/PWM3")
  (net 51 "/Digital logic/POL3")
  (net 52 /sheet5C45DEF9/V1)
  (net 53 /sheet5C45DEF9/V2)
  (net 54 /sheet5C45F77A/V1)
  (net 55 /sheet5C45F77A/V2)
  (net 56 "/Digital logic/PWM4")
  (net 57 "/Digital logic/POL4")
  (net 58 "/Digital logic/PWM5")
  (net 59 "/Digital logic/POL5")
  (net 60 /sheet5C45FA3C/V1)
  (net 61 /sheet5C45FA3C/V2)
  (net 62 "/Digital logic/PWM6")
  (net 63 "/Digital logic/PWM7")
  (net 64 "/Digital logic/PWM8")
  (net 65 "/Digital logic/PWM9")
  (net 66 "/Digital logic/PWMA")
  (net 67 "/Digital logic/PWMB")
  (net 68 "/Digital logic/PWMC")
  (net 69 "/Digital logic/PWMD")
  (net 70 "/Digital logic/PWME")
  (net 71 "/Digital logic/PWMF")
  (net 72 "/Digital logic/~OE")
  (net 73 "Net-(J1401-Pad7)")
  (net 74 "/Digital logic/SCL")
  (net 75 "/Digital logic/SDA")
  (net 76 "Net-(U1402-Pad10)")
  (net 77 "/Battery Connection and Charge Management/BATT")
  (net 78 "Net-(C602-Pad2)")
  (net 79 "Net-(C605-Pad1)")
  (net 80 "Net-(C606-Pad1)")
  (net 81 "Net-(C607-Pad1)")
  (net 82 "Net-(C608-Pad1)")
  (net 83 "Net-(C609-Pad1)")
  (net 84 "Net-(C609-Pad2)")
  (net 85 "Net-(C612-Pad1)")
  (net 86 "/Battery Connection and Charge Management/CHRG_VL")
  (net 87 "Net-(C702-Pad1)")
  (net 88 "Net-(C702-Pad2)")
  (net 89 "Net-(C703-Pad1)")
  (net 90 "Net-(C802-Pad2)")
  (net 91 "Net-(C802-Pad1)")
  (net 92 "Net-(C803-Pad1)")
  (net 93 "Net-(J1-Pad1)")
  (net 94 "Net-(J102-Pad2)")
  (net 95 "Net-(J103-Pad2)")
  (net 96 "Net-(J104-Pad2)")
  (net 97 "Net-(J105-Pad2)")
  (net 98 "Net-(J106-Pad2)")
  (net 99 "Net-(J107-Pad2)")
  (net 100 "Net-(J108-Pad2)")
  (net 101 "/Battery Connection and Charge Management/THERM")
  (net 102 +3V3)
  (net 103 "Net-(J1401-Pad13)")
  (net 104 "/Battery Connection and Charge Management/~FASTCHRG")
  (net 105 "/Battery Connection and Charge Management/~FULLCHRG")
  (net 106 "Net-(J1401-Pad12)")
  (net 107 "Net-(J1401-Pad11)")
  (net 108 "Net-(J1401-Pad10)")
  (net 109 "Net-(J1401-Pad26)")
  (net 110 "Net-(J1401-Pad32)")
  (net 111 "Net-(J1401-Pad31)")
  (net 112 "Net-(J1401-Pad29)")
  (net 113 "Net-(J1401-Pad22)")
  (net 114 "Net-(J1401-Pad21)")
  (net 115 "Net-(J1401-Pad23)")
  (net 116 "Net-(J1401-Pad24)")
  (net 117 "Net-(J1401-Pad19)")
  (net 118 "/Battery Connection and Charge Management/~FAULT")
  (net 119 "Net-(J1401-Pad37)")
  (net 120 "Net-(J1401-Pad33)")
  (net 121 "Net-(U101-Pad9)")
  (net 122 "Net-(U101-Pad11)")
  (net 123 +5VL)
  (net 124 "Net-(U701-Pad2)")
  (net 125 "Net-(U801-Pad2)")
  (net 126 "Net-(U1403-Pad33)")
  (net 127 "Net-(U1403-Pad35)")
  (net 128 "Net-(U1403-Pad36)")
  (net 129 "Net-(U1403-Pad40)")
  (net 130 "Net-(U1403-Pad37)")
  (net 131 "Net-(U1403-Pad38)")
  (net 132 "Net-(U1403-Pad18)")
  (net 133 "Net-(U1403-Pad19)")
  (net 134 "Net-(U1403-Pad24)")
  (net 135 "Net-(U1403-Pad23)")
  (net 136 "Net-(U1403-Pad21)")
  (net 137 "Net-(U1403-Pad22)")
  (net 138 "Net-(U1403-Pad29)")
  (net 139 "Net-(U1403-Pad31)")
  (net 140 "Net-(U1403-Pad32)")
  (net 141 "Net-(U1403-Pad28)")
  (net 142 "Net-(U1403-Pad27)")
  (net 143 "Net-(U1403-Pad26)")
  (net 144 "Net-(U1403-Pad10)")
  (net 145 "Net-(U1403-Pad11)")
  (net 146 "Net-(U1403-Pad12)")
  (net 147 "Net-(U1403-Pad16)")
  (net 148 "Net-(U1403-Pad15)")
  (net 149 "Net-(U1403-Pad13)")
  (net 150 "Net-(U1403-Pad5)")
  (net 151 "Net-(U1403-Pad7)")
  (net 152 "Net-(U1403-Pad8)")
  (net 153 "Net-(U1403-Pad3)")

  (net_class Default "This is the default net class."
    (clearance 0.2)
    (trace_width 0.25)
    (via_dia 0.8)
    (via_drill 0.4)
    (uvia_dia 0.3)
    (uvia_drill 0.1)
    (add_net +12V)
    (add_net +3V3)
    (add_net +5V)
    (add_net +5VL)
    (add_net +7.5V)
    (add_net "/Battery Connection and Charge Management/BATT")
    (add_net "/Battery Connection and Charge Management/CHRG_VL")
    (add_net "/Battery Connection and Charge Management/THERM")
    (add_net "/Battery Connection and Charge Management/~FASTCHRG")
    (add_net "/Battery Connection and Charge Management/~FAULT")
    (add_net "/Battery Connection and Charge Management/~FULLCHRG")
    (add_net "/Digital logic/HK0")
    (add_net "/Digital logic/HK1")
    (add_net "/Digital logic/HK2")
    (add_net "/Digital logic/HK3")
    (add_net "/Digital logic/HK4")
    (add_net "/Digital logic/HK5")
    (add_net "/Digital logic/POL0")
    (add_net "/Digital logic/POL1")
    (add_net "/Digital logic/POL2")
    (add_net "/Digital logic/POL3")
    (add_net "/Digital logic/POL4")
    (add_net "/Digital logic/POL5")
    (add_net "/Digital logic/PWM0")
    (add_net "/Digital logic/PWM1")
    (add_net "/Digital logic/PWM2")
    (add_net "/Digital logic/PWM3")
    (add_net "/Digital logic/PWM4")
    (add_net "/Digital logic/PWM5")
    (add_net "/Digital logic/PWM6")
    (add_net "/Digital logic/PWM7")
    (add_net "/Digital logic/PWM8")
    (add_net "/Digital logic/PWM9")
    (add_net "/Digital logic/PWMA")
    (add_net "/Digital logic/PWMB")
    (add_net "/Digital logic/PWMC")
    (add_net "/Digital logic/PWMD")
    (add_net "/Digital logic/PWME")
    (add_net "/Digital logic/PWMF")
    (add_net "/Digital logic/SCL")
    (add_net "/Digital logic/SDA")
    (add_net "/Digital logic/~OE")
    (add_net /Motor/V1)
    (add_net /Motor/V2)
    (add_net /VIN_RAW)
    (add_net /VMOTOR)
    (add_net /sheet5C45D717/V1)
    (add_net /sheet5C45D717/V2)
    (add_net /sheet5C45DA5C/V1)
    (add_net /sheet5C45DA5C/V2)
    (add_net /sheet5C45DEF9/V1)
    (add_net /sheet5C45DEF9/V2)
    (add_net /sheet5C45F77A/V1)
    (add_net /sheet5C45F77A/V2)
    (add_net /sheet5C45FA3C/V1)
    (add_net /sheet5C45FA3C/V2)
    (add_net GND)
    (add_net "Net-(C601-Pad1)")
    (add_net "Net-(C602-Pad2)")
    (add_net "Net-(C603-Pad1)")
    (add_net "Net-(C604-Pad2)")
    (add_net "Net-(C605-Pad1)")
    (add_net "Net-(C606-Pad1)")
    (add_net "Net-(C607-Pad1)")
    (add_net "Net-(C608-Pad1)")
    (add_net "Net-(C609-Pad1)")
    (add_net "Net-(C609-Pad2)")
    (add_net "Net-(C611-Pad2)")
    (add_net "Net-(C612-Pad1)")
    (add_net "Net-(C702-Pad1)")
    (add_net "Net-(C702-Pad2)")
    (add_net "Net-(C703-Pad1)")
    (add_net "Net-(C703-Pad2)")
    (add_net "Net-(C802-Pad1)")
    (add_net "Net-(C802-Pad2)")
    (add_net "Net-(C803-Pad1)")
    (add_net "Net-(C803-Pad2)")
    (add_net "Net-(J1-Pad1)")
    (add_net "Net-(J102-Pad2)")
    (add_net "Net-(J103-Pad2)")
    (add_net "Net-(J104-Pad2)")
    (add_net "Net-(J105-Pad2)")
    (add_net "Net-(J106-Pad2)")
    (add_net "Net-(J107-Pad2)")
    (add_net "Net-(J108-Pad2)")
    (add_net "Net-(J1401-Pad10)")
    (add_net "Net-(J1401-Pad11)")
    (add_net "Net-(J1401-Pad12)")
    (add_net "Net-(J1401-Pad13)")
    (add_net "Net-(J1401-Pad19)")
    (add_net "Net-(J1401-Pad21)")
    (add_net "Net-(J1401-Pad22)")
    (add_net "Net-(J1401-Pad23)")
    (add_net "Net-(J1401-Pad24)")
    (add_net "Net-(J1401-Pad26)")
    (add_net "Net-(J1401-Pad29)")
    (add_net "Net-(J1401-Pad31)")
    (add_net "Net-(J1401-Pad32)")
    (add_net "Net-(J1401-Pad33)")
    (add_net "Net-(J1401-Pad37)")
    (add_net "Net-(J1401-Pad7)")
    (add_net "Net-(R1401-Pad1)")
    (add_net "Net-(R1402-Pad1)")
    (add_net "Net-(R201-Pad2)")
    (add_net "Net-(R202-Pad2)")
    (add_net "Net-(R205-Pad1)")
    (add_net "Net-(R206-Pad1)")
    (add_net "Net-(R401-Pad2)")
    (add_net "Net-(R402-Pad2)")
    (add_net "Net-(R405-Pad1)")
    (add_net "Net-(R406-Pad1)")
    (add_net "Net-(R501-Pad2)")
    (add_net "Net-(R502-Pad2)")
    (add_net "Net-(R505-Pad1)")
    (add_net "Net-(R506-Pad1)")
    (add_net "Net-(R602-Pad1)")
    (add_net "Net-(R701-Pad2)")
    (add_net "Net-(R703-Pad2)")
    (add_net "Net-(R801-Pad2)")
    (add_net "Net-(R803-Pad2)")
    (add_net "Net-(U101-Pad11)")
    (add_net "Net-(U101-Pad9)")
    (add_net "Net-(U1402-Pad10)")
    (add_net "Net-(U1403-Pad10)")
    (add_net "Net-(U1403-Pad11)")
    (add_net "Net-(U1403-Pad12)")
    (add_net "Net-(U1403-Pad13)")
    (add_net "Net-(U1403-Pad15)")
    (add_net "Net-(U1403-Pad16)")
    (add_net "Net-(U1403-Pad18)")
    (add_net "Net-(U1403-Pad19)")
    (add_net "Net-(U1403-Pad21)")
    (add_net "Net-(U1403-Pad22)")
    (add_net "Net-(U1403-Pad23)")
    (add_net "Net-(U1403-Pad24)")
    (add_net "Net-(U1403-Pad26)")
    (add_net "Net-(U1403-Pad27)")
    (add_net "Net-(U1403-Pad28)")
    (add_net "Net-(U1403-Pad29)")
    (add_net "Net-(U1403-Pad3)")
    (add_net "Net-(U1403-Pad31)")
    (add_net "Net-(U1403-Pad32)")
    (add_net "Net-(U1403-Pad33)")
    (add_net "Net-(U1403-Pad35)")
    (add_net "Net-(U1403-Pad36)")
    (add_net "Net-(U1403-Pad37)")
    (add_net "Net-(U1403-Pad38)")
    (add_net "Net-(U1403-Pad40)")
    (add_net "Net-(U1403-Pad5)")
    (add_net "Net-(U1403-Pad7)")
    (add_net "Net-(U1403-Pad8)")
    (add_net "Net-(U701-Pad2)")
    (add_net "Net-(U801-Pad2)")
  )

  (module Resistor_SMD:R_0805_2012Metric (layer F.Cu) (tedit 5B36C52B) (tstamp 5C619F09)
    (at 234.1375 81.95 180)
    (descr "Resistor SMD 0805 (2012 Metric), square (rectangular) end terminal, IPC_7351 nominal, (Body size source: https://docs.google.com/spreadsheets/d/1BsfQQcO9C6DZCsRaXUlFlo91Tg2WpOkGARC1WS5S8t0/edit?usp=sharing), generated with kicad-footprint-generator")
    (tags resistor)
    (path /5BE41DDF/5C4B589F)
    (attr smd)
    (fp_text reference R201 (at -2.4625 -0.8 270) (layer F.SilkS)
      (effects (font (size 1 1) (thickness 0.15)))
    )
    (fp_text value 1k (at 0 1.65 180) (layer F.Fab)
      (effects (font (size 1 1) (thickness 0.15)))
    )
    (fp_line (start -1 0.6) (end -1 -0.6) (layer F.Fab) (width 0.1))
    (fp_line (start -1 -0.6) (end 1 -0.6) (layer F.Fab) (width 0.1))
    (fp_line (start 1 -0.6) (end 1 0.6) (layer F.Fab) (width 0.1))
    (fp_line (start 1 0.6) (end -1 0.6) (layer F.Fab) (width 0.1))
    (fp_line (start -0.258578 -0.71) (end 0.258578 -0.71) (layer F.SilkS) (width 0.12))
    (fp_line (start -0.258578 0.71) (end 0.258578 0.71) (layer F.SilkS) (width 0.12))
    (fp_line (start -1.68 0.95) (end -1.68 -0.95) (layer F.CrtYd) (width 0.05))
    (fp_line (start -1.68 -0.95) (end 1.68 -0.95) (layer F.CrtYd) (width 0.05))
    (fp_line (start 1.68 -0.95) (end 1.68 0.95) (layer F.CrtYd) (width 0.05))
    (fp_line (start 1.68 0.95) (end -1.68 0.95) (layer F.CrtYd) (width 0.05))
    (fp_text user %R (at 0 0 180) (layer F.Fab)
      (effects (font (size 0.5 0.5) (thickness 0.08)))
    )
    (pad 1 smd roundrect (at -0.9375 0 180) (size 0.975 1.4) (layers F.Cu F.Paste F.Mask) (roundrect_rratio 0.25)
      (net 1 "/Digital logic/HK0"))
    (pad 2 smd roundrect (at 0.9375 0 180) (size 0.975 1.4) (layers F.Cu F.Paste F.Mask) (roundrect_rratio 0.25)
      (net 2 "Net-(R201-Pad2)"))
    (model ${KISYS3DMOD}/Resistor_SMD.3dshapes/R_0805_2012Metric.wrl
      (at (xyz 0 0 0))
      (scale (xyz 1 1 1))
      (rotate (xyz 0 0 0))
    )
  )

  (module Resistor_SMD:R_0805_2012Metric (layer F.Cu) (tedit 5B36C52B) (tstamp 5C619F1A)
    (at 232.884999 92.074999 180)
    (descr "Resistor SMD 0805 (2012 Metric), square (rectangular) end terminal, IPC_7351 nominal, (Body size source: https://docs.google.com/spreadsheets/d/1BsfQQcO9C6DZCsRaXUlFlo91Tg2WpOkGARC1WS5S8t0/edit?usp=sharing), generated with kicad-footprint-generator")
    (tags resistor)
    (path /5BE41DDF/5C5D589D)
    (attr smd)
    (fp_text reference R202 (at 0.084999 -3.875001 180) (layer F.SilkS)
      (effects (font (size 1 1) (thickness 0.15)))
    )
    (fp_text value 1k (at 0 1.65 180) (layer F.Fab)
      (effects (font (size 1 1) (thickness 0.15)))
    )
    (fp_line (start -1 0.6) (end -1 -0.6) (layer F.Fab) (width 0.1))
    (fp_line (start -1 -0.6) (end 1 -0.6) (layer F.Fab) (width 0.1))
    (fp_line (start 1 -0.6) (end 1 0.6) (layer F.Fab) (width 0.1))
    (fp_line (start 1 0.6) (end -1 0.6) (layer F.Fab) (width 0.1))
    (fp_line (start -0.258578 -0.71) (end 0.258578 -0.71) (layer F.SilkS) (width 0.12))
    (fp_line (start -0.258578 0.71) (end 0.258578 0.71) (layer F.SilkS) (width 0.12))
    (fp_line (start -1.68 0.95) (end -1.68 -0.95) (layer F.CrtYd) (width 0.05))
    (fp_line (start -1.68 -0.95) (end 1.68 -0.95) (layer F.CrtYd) (width 0.05))
    (fp_line (start 1.68 -0.95) (end 1.68 0.95) (layer F.CrtYd) (width 0.05))
    (fp_line (start 1.68 0.95) (end -1.68 0.95) (layer F.CrtYd) (width 0.05))
    (fp_text user %R (at 0 0 180) (layer F.Fab)
      (effects (font (size 0.5 0.5) (thickness 0.08)))
    )
    (pad 1 smd roundrect (at -0.9375 0 180) (size 0.975 1.4) (layers F.Cu F.Paste F.Mask) (roundrect_rratio 0.25)
      (net 3 "/Digital logic/HK1"))
    (pad 2 smd roundrect (at 0.9375 0 180) (size 0.975 1.4) (layers F.Cu F.Paste F.Mask) (roundrect_rratio 0.25)
      (net 4 "Net-(R202-Pad2)"))
    (model ${KISYS3DMOD}/Resistor_SMD.3dshapes/R_0805_2012Metric.wrl
      (at (xyz 0 0 0))
      (scale (xyz 1 1 1))
      (rotate (xyz 0 0 0))
    )
  )

  (module Resistor_SMD:R_0805_2012Metric (layer F.Cu) (tedit 5B36C52B) (tstamp 5C6EFE30)
    (at 234.1375 79.95)
    (descr "Resistor SMD 0805 (2012 Metric), square (rectangular) end terminal, IPC_7351 nominal, (Body size source: https://docs.google.com/spreadsheets/d/1BsfQQcO9C6DZCsRaXUlFlo91Tg2WpOkGARC1WS5S8t0/edit?usp=sharing), generated with kicad-footprint-generator")
    (tags resistor)
    (path /5BE41DDF/5C5D032D)
    (attr smd)
    (fp_text reference R203 (at 0 -1.65) (layer F.SilkS)
      (effects (font (size 1 1) (thickness 0.15)))
    )
    (fp_text value 10k (at 0 1.65) (layer F.Fab)
      (effects (font (size 1 1) (thickness 0.15)))
    )
    (fp_text user %R (at 0 0) (layer F.Fab)
      (effects (font (size 0.5 0.5) (thickness 0.08)))
    )
    (fp_line (start 1.68 0.95) (end -1.68 0.95) (layer F.CrtYd) (width 0.05))
    (fp_line (start 1.68 -0.95) (end 1.68 0.95) (layer F.CrtYd) (width 0.05))
    (fp_line (start -1.68 -0.95) (end 1.68 -0.95) (layer F.CrtYd) (width 0.05))
    (fp_line (start -1.68 0.95) (end -1.68 -0.95) (layer F.CrtYd) (width 0.05))
    (fp_line (start -0.258578 0.71) (end 0.258578 0.71) (layer F.SilkS) (width 0.12))
    (fp_line (start -0.258578 -0.71) (end 0.258578 -0.71) (layer F.SilkS) (width 0.12))
    (fp_line (start 1 0.6) (end -1 0.6) (layer F.Fab) (width 0.1))
    (fp_line (start 1 -0.6) (end 1 0.6) (layer F.Fab) (width 0.1))
    (fp_line (start -1 -0.6) (end 1 -0.6) (layer F.Fab) (width 0.1))
    (fp_line (start -1 0.6) (end -1 -0.6) (layer F.Fab) (width 0.1))
    (pad 2 smd roundrect (at 0.9375 0) (size 0.975 1.4) (layers F.Cu F.Paste F.Mask) (roundrect_rratio 0.25)
      (net 5 GND))
    (pad 1 smd roundrect (at -0.9375 0) (size 0.975 1.4) (layers F.Cu F.Paste F.Mask) (roundrect_rratio 0.25)
      (net 2 "Net-(R201-Pad2)"))
    (model ${KISYS3DMOD}/Resistor_SMD.3dshapes/R_0805_2012Metric.wrl
      (at (xyz 0 0 0))
      (scale (xyz 1 1 1))
      (rotate (xyz 0 0 0))
    )
  )

  (module Resistor_SMD:R_0805_2012Metric (layer F.Cu) (tedit 5B36C52B) (tstamp 5C619F3C)
    (at 232.8625 94.15)
    (descr "Resistor SMD 0805 (2012 Metric), square (rectangular) end terminal, IPC_7351 nominal, (Body size source: https://docs.google.com/spreadsheets/d/1BsfQQcO9C6DZCsRaXUlFlo91Tg2WpOkGARC1WS5S8t0/edit?usp=sharing), generated with kicad-footprint-generator")
    (tags resistor)
    (path /5BE41DDF/5C5D58B3)
    (attr smd)
    (fp_text reference R204 (at -0.0625 3.2) (layer F.SilkS)
      (effects (font (size 1 1) (thickness 0.15)))
    )
    (fp_text value 10k (at 0 1.65) (layer F.Fab)
      (effects (font (size 1 1) (thickness 0.15)))
    )
    (fp_text user %R (at 0 0) (layer F.Fab)
      (effects (font (size 0.5 0.5) (thickness 0.08)))
    )
    (fp_line (start 1.68 0.95) (end -1.68 0.95) (layer F.CrtYd) (width 0.05))
    (fp_line (start 1.68 -0.95) (end 1.68 0.95) (layer F.CrtYd) (width 0.05))
    (fp_line (start -1.68 -0.95) (end 1.68 -0.95) (layer F.CrtYd) (width 0.05))
    (fp_line (start -1.68 0.95) (end -1.68 -0.95) (layer F.CrtYd) (width 0.05))
    (fp_line (start -0.258578 0.71) (end 0.258578 0.71) (layer F.SilkS) (width 0.12))
    (fp_line (start -0.258578 -0.71) (end 0.258578 -0.71) (layer F.SilkS) (width 0.12))
    (fp_line (start 1 0.6) (end -1 0.6) (layer F.Fab) (width 0.1))
    (fp_line (start 1 -0.6) (end 1 0.6) (layer F.Fab) (width 0.1))
    (fp_line (start -1 -0.6) (end 1 -0.6) (layer F.Fab) (width 0.1))
    (fp_line (start -1 0.6) (end -1 -0.6) (layer F.Fab) (width 0.1))
    (pad 2 smd roundrect (at 0.9375 0) (size 0.975 1.4) (layers F.Cu F.Paste F.Mask) (roundrect_rratio 0.25)
      (net 5 GND))
    (pad 1 smd roundrect (at -0.9375 0) (size 0.975 1.4) (layers F.Cu F.Paste F.Mask) (roundrect_rratio 0.25)
      (net 4 "Net-(R202-Pad2)"))
    (model ${KISYS3DMOD}/Resistor_SMD.3dshapes/R_0805_2012Metric.wrl
      (at (xyz 0 0 0))
      (scale (xyz 1 1 1))
      (rotate (xyz 0 0 0))
    )
  )

  (module Resistor_SMD:R_0805_2012Metric (layer F.Cu) (tedit 5B36C52B) (tstamp 5C619F4D)
    (at 237.4 76.6125 90)
    (descr "Resistor SMD 0805 (2012 Metric), square (rectangular) end terminal, IPC_7351 nominal, (Body size source: https://docs.google.com/spreadsheets/d/1BsfQQcO9C6DZCsRaXUlFlo91Tg2WpOkGARC1WS5S8t0/edit?usp=sharing), generated with kicad-footprint-generator")
    (tags resistor)
    (path /5BE41DDF/5BE4772A)
    (attr smd)
    (fp_text reference R205 (at 3.7375 0.2 90) (layer F.SilkS)
      (effects (font (size 1 1) (thickness 0.15)))
    )
    (fp_text value 200mR (at 0 1.65 90) (layer F.Fab)
      (effects (font (size 1 1) (thickness 0.15)))
    )
    (fp_text user %R (at 0 0 90) (layer F.Fab)
      (effects (font (size 0.5 0.5) (thickness 0.08)))
    )
    (fp_line (start 1.68 0.95) (end -1.68 0.95) (layer F.CrtYd) (width 0.05))
    (fp_line (start 1.68 -0.95) (end 1.68 0.95) (layer F.CrtYd) (width 0.05))
    (fp_line (start -1.68 -0.95) (end 1.68 -0.95) (layer F.CrtYd) (width 0.05))
    (fp_line (start -1.68 0.95) (end -1.68 -0.95) (layer F.CrtYd) (width 0.05))
    (fp_line (start -0.258578 0.71) (end 0.258578 0.71) (layer F.SilkS) (width 0.12))
    (fp_line (start -0.258578 -0.71) (end 0.258578 -0.71) (layer F.SilkS) (width 0.12))
    (fp_line (start 1 0.6) (end -1 0.6) (layer F.Fab) (width 0.1))
    (fp_line (start 1 -0.6) (end 1 0.6) (layer F.Fab) (width 0.1))
    (fp_line (start -1 -0.6) (end 1 -0.6) (layer F.Fab) (width 0.1))
    (fp_line (start -1 0.6) (end -1 -0.6) (layer F.Fab) (width 0.1))
    (pad 2 smd roundrect (at 0.9375 0 90) (size 0.975 1.4) (layers F.Cu F.Paste F.Mask) (roundrect_rratio 0.25)
      (net 5 GND))
    (pad 1 smd roundrect (at -0.9375 0 90) (size 0.975 1.4) (layers F.Cu F.Paste F.Mask) (roundrect_rratio 0.25)
      (net 6 "Net-(R205-Pad1)"))
    (model ${KISYS3DMOD}/Resistor_SMD.3dshapes/R_0805_2012Metric.wrl
      (at (xyz 0 0 0))
      (scale (xyz 1 1 1))
      (rotate (xyz 0 0 0))
    )
  )

  (module Resistor_SMD:R_0805_2012Metric (layer F.Cu) (tedit 5B36C52B) (tstamp 5C619F5E)
    (at 237.4 96.2875 270)
    (descr "Resistor SMD 0805 (2012 Metric), square (rectangular) end terminal, IPC_7351 nominal, (Body size source: https://docs.google.com/spreadsheets/d/1BsfQQcO9C6DZCsRaXUlFlo91Tg2WpOkGARC1WS5S8t0/edit?usp=sharing), generated with kicad-footprint-generator")
    (tags resistor)
    (path /5BE41DDF/5BE42F71)
    (attr smd)
    (fp_text reference R206 (at 3.6625 0.2 270) (layer F.SilkS)
      (effects (font (size 1 1) (thickness 0.15)))
    )
    (fp_text value 200mR (at 0 1.65 270) (layer F.Fab)
      (effects (font (size 1 1) (thickness 0.15)))
    )
    (fp_line (start -1 0.6) (end -1 -0.6) (layer F.Fab) (width 0.1))
    (fp_line (start -1 -0.6) (end 1 -0.6) (layer F.Fab) (width 0.1))
    (fp_line (start 1 -0.6) (end 1 0.6) (layer F.Fab) (width 0.1))
    (fp_line (start 1 0.6) (end -1 0.6) (layer F.Fab) (width 0.1))
    (fp_line (start -0.258578 -0.71) (end 0.258578 -0.71) (layer F.SilkS) (width 0.12))
    (fp_line (start -0.258578 0.71) (end 0.258578 0.71) (layer F.SilkS) (width 0.12))
    (fp_line (start -1.68 0.95) (end -1.68 -0.95) (layer F.CrtYd) (width 0.05))
    (fp_line (start -1.68 -0.95) (end 1.68 -0.95) (layer F.CrtYd) (width 0.05))
    (fp_line (start 1.68 -0.95) (end 1.68 0.95) (layer F.CrtYd) (width 0.05))
    (fp_line (start 1.68 0.95) (end -1.68 0.95) (layer F.CrtYd) (width 0.05))
    (fp_text user %R (at 0 0 270) (layer F.Fab)
      (effects (font (size 0.5 0.5) (thickness 0.08)))
    )
    (pad 1 smd roundrect (at -0.9375 0 270) (size 0.975 1.4) (layers F.Cu F.Paste F.Mask) (roundrect_rratio 0.25)
      (net 7 "Net-(R206-Pad1)"))
    (pad 2 smd roundrect (at 0.9375 0 270) (size 0.975 1.4) (layers F.Cu F.Paste F.Mask) (roundrect_rratio 0.25)
      (net 5 GND))
    (model ${KISYS3DMOD}/Resistor_SMD.3dshapes/R_0805_2012Metric.wrl
      (at (xyz 0 0 0))
      (scale (xyz 1 1 1))
      (rotate (xyz 0 0 0))
    )
  )

  (module Resistor_SMD:R_0805_2012Metric (layer F.Cu) (tedit 5B36C52B) (tstamp 5C619F6F)
    (at 233.494999 53.544999 180)
    (descr "Resistor SMD 0805 (2012 Metric), square (rectangular) end terminal, IPC_7351 nominal, (Body size source: https://docs.google.com/spreadsheets/d/1BsfQQcO9C6DZCsRaXUlFlo91Tg2WpOkGARC1WS5S8t0/edit?usp=sharing), generated with kicad-footprint-generator")
    (tags resistor)
    (path /5BEEC4C8/5C4B589F)
    (attr smd)
    (fp_text reference R401 (at 0 3.594999 180) (layer F.SilkS)
      (effects (font (size 1 1) (thickness 0.15)))
    )
    (fp_text value 1k (at 0 1.65 180) (layer F.Fab)
      (effects (font (size 1 1) (thickness 0.15)))
    )
    (fp_text user %R (at 0 0 180) (layer F.Fab)
      (effects (font (size 0.5 0.5) (thickness 0.08)))
    )
    (fp_line (start 1.68 0.95) (end -1.68 0.95) (layer F.CrtYd) (width 0.05))
    (fp_line (start 1.68 -0.95) (end 1.68 0.95) (layer F.CrtYd) (width 0.05))
    (fp_line (start -1.68 -0.95) (end 1.68 -0.95) (layer F.CrtYd) (width 0.05))
    (fp_line (start -1.68 0.95) (end -1.68 -0.95) (layer F.CrtYd) (width 0.05))
    (fp_line (start -0.258578 0.71) (end 0.258578 0.71) (layer F.SilkS) (width 0.12))
    (fp_line (start -0.258578 -0.71) (end 0.258578 -0.71) (layer F.SilkS) (width 0.12))
    (fp_line (start 1 0.6) (end -1 0.6) (layer F.Fab) (width 0.1))
    (fp_line (start 1 -0.6) (end 1 0.6) (layer F.Fab) (width 0.1))
    (fp_line (start -1 -0.6) (end 1 -0.6) (layer F.Fab) (width 0.1))
    (fp_line (start -1 0.6) (end -1 -0.6) (layer F.Fab) (width 0.1))
    (pad 2 smd roundrect (at 0.9375 0 180) (size 0.975 1.4) (layers F.Cu F.Paste F.Mask) (roundrect_rratio 0.25)
      (net 8 "Net-(R401-Pad2)"))
    (pad 1 smd roundrect (at -0.9375 0 180) (size 0.975 1.4) (layers F.Cu F.Paste F.Mask) (roundrect_rratio 0.25)
      (net 9 "/Digital logic/HK2"))
    (model ${KISYS3DMOD}/Resistor_SMD.3dshapes/R_0805_2012Metric.wrl
      (at (xyz 0 0 0))
      (scale (xyz 1 1 1))
      (rotate (xyz 0 0 0))
    )
  )

  (module Resistor_SMD:R_0805_2012Metric (layer F.Cu) (tedit 5B36C52B) (tstamp 5C619F80)
    (at 233.1375 63.95 180)
    (descr "Resistor SMD 0805 (2012 Metric), square (rectangular) end terminal, IPC_7351 nominal, (Body size source: https://docs.google.com/spreadsheets/d/1BsfQQcO9C6DZCsRaXUlFlo91Tg2WpOkGARC1WS5S8t0/edit?usp=sharing), generated with kicad-footprint-generator")
    (tags resistor)
    (path /5BEEC4C8/5C5D589D)
    (attr smd)
    (fp_text reference R402 (at -0.115001 -4 180) (layer F.SilkS)
      (effects (font (size 1 1) (thickness 0.15)))
    )
    (fp_text value 1k (at 0 1.65 180) (layer F.Fab)
      (effects (font (size 1 1) (thickness 0.15)))
    )
    (fp_text user %R (at 0 0 180) (layer F.Fab)
      (effects (font (size 0.5 0.5) (thickness 0.08)))
    )
    (fp_line (start 1.68 0.95) (end -1.68 0.95) (layer F.CrtYd) (width 0.05))
    (fp_line (start 1.68 -0.95) (end 1.68 0.95) (layer F.CrtYd) (width 0.05))
    (fp_line (start -1.68 -0.95) (end 1.68 -0.95) (layer F.CrtYd) (width 0.05))
    (fp_line (start -1.68 0.95) (end -1.68 -0.95) (layer F.CrtYd) (width 0.05))
    (fp_line (start -0.258578 0.71) (end 0.258578 0.71) (layer F.SilkS) (width 0.12))
    (fp_line (start -0.258578 -0.71) (end 0.258578 -0.71) (layer F.SilkS) (width 0.12))
    (fp_line (start 1 0.6) (end -1 0.6) (layer F.Fab) (width 0.1))
    (fp_line (start 1 -0.6) (end 1 0.6) (layer F.Fab) (width 0.1))
    (fp_line (start -1 -0.6) (end 1 -0.6) (layer F.Fab) (width 0.1))
    (fp_line (start -1 0.6) (end -1 -0.6) (layer F.Fab) (width 0.1))
    (pad 2 smd roundrect (at 0.9375 0 180) (size 0.975 1.4) (layers F.Cu F.Paste F.Mask) (roundrect_rratio 0.25)
      (net 10 "Net-(R402-Pad2)"))
    (pad 1 smd roundrect (at -0.9375 0 180) (size 0.975 1.4) (layers F.Cu F.Paste F.Mask) (roundrect_rratio 0.25)
      (net 11 "/Digital logic/HK3"))
    (model ${KISYS3DMOD}/Resistor_SMD.3dshapes/R_0805_2012Metric.wrl
      (at (xyz 0 0 0))
      (scale (xyz 1 1 1))
      (rotate (xyz 0 0 0))
    )
  )

  (module Resistor_SMD:R_0805_2012Metric (layer F.Cu) (tedit 5B36C52B) (tstamp 5C619F91)
    (at 233.4625 51.55)
    (descr "Resistor SMD 0805 (2012 Metric), square (rectangular) end terminal, IPC_7351 nominal, (Body size source: https://docs.google.com/spreadsheets/d/1BsfQQcO9C6DZCsRaXUlFlo91Tg2WpOkGARC1WS5S8t0/edit?usp=sharing), generated with kicad-footprint-generator")
    (tags resistor)
    (path /5BEEC4C8/5C5D032D)
    (attr smd)
    (fp_text reference R403 (at -0.0625 -2.8) (layer F.SilkS)
      (effects (font (size 1 1) (thickness 0.15)))
    )
    (fp_text value 10k (at 0 1.65) (layer F.Fab)
      (effects (font (size 1 1) (thickness 0.15)))
    )
    (fp_line (start -1 0.6) (end -1 -0.6) (layer F.Fab) (width 0.1))
    (fp_line (start -1 -0.6) (end 1 -0.6) (layer F.Fab) (width 0.1))
    (fp_line (start 1 -0.6) (end 1 0.6) (layer F.Fab) (width 0.1))
    (fp_line (start 1 0.6) (end -1 0.6) (layer F.Fab) (width 0.1))
    (fp_line (start -0.258578 -0.71) (end 0.258578 -0.71) (layer F.SilkS) (width 0.12))
    (fp_line (start -0.258578 0.71) (end 0.258578 0.71) (layer F.SilkS) (width 0.12))
    (fp_line (start -1.68 0.95) (end -1.68 -0.95) (layer F.CrtYd) (width 0.05))
    (fp_line (start -1.68 -0.95) (end 1.68 -0.95) (layer F.CrtYd) (width 0.05))
    (fp_line (start 1.68 -0.95) (end 1.68 0.95) (layer F.CrtYd) (width 0.05))
    (fp_line (start 1.68 0.95) (end -1.68 0.95) (layer F.CrtYd) (width 0.05))
    (fp_text user %R (at 0 0) (layer F.Fab)
      (effects (font (size 0.5 0.5) (thickness 0.08)))
    )
    (pad 1 smd roundrect (at -0.9375 0) (size 0.975 1.4) (layers F.Cu F.Paste F.Mask) (roundrect_rratio 0.25)
      (net 8 "Net-(R401-Pad2)"))
    (pad 2 smd roundrect (at 0.9375 0) (size 0.975 1.4) (layers F.Cu F.Paste F.Mask) (roundrect_rratio 0.25)
      (net 5 GND))
    (model ${KISYS3DMOD}/Resistor_SMD.3dshapes/R_0805_2012Metric.wrl
      (at (xyz 0 0 0))
      (scale (xyz 1 1 1))
      (rotate (xyz 0 0 0))
    )
  )

  (module Resistor_SMD:R_0805_2012Metric (layer F.Cu) (tedit 5B36C52B) (tstamp 5C619FA2)
    (at 233.1375 65.95)
    (descr "Resistor SMD 0805 (2012 Metric), square (rectangular) end terminal, IPC_7351 nominal, (Body size source: https://docs.google.com/spreadsheets/d/1BsfQQcO9C6DZCsRaXUlFlo91Tg2WpOkGARC1WS5S8t0/edit?usp=sharing), generated with kicad-footprint-generator")
    (tags resistor)
    (path /5BEEC4C8/5C5D58B3)
    (attr smd)
    (fp_text reference R404 (at 0.0625 3.4) (layer F.SilkS)
      (effects (font (size 1 1) (thickness 0.15)))
    )
    (fp_text value 10k (at 0 1.65) (layer F.Fab)
      (effects (font (size 1 1) (thickness 0.15)))
    )
    (fp_line (start -1 0.6) (end -1 -0.6) (layer F.Fab) (width 0.1))
    (fp_line (start -1 -0.6) (end 1 -0.6) (layer F.Fab) (width 0.1))
    (fp_line (start 1 -0.6) (end 1 0.6) (layer F.Fab) (width 0.1))
    (fp_line (start 1 0.6) (end -1 0.6) (layer F.Fab) (width 0.1))
    (fp_line (start -0.258578 -0.71) (end 0.258578 -0.71) (layer F.SilkS) (width 0.12))
    (fp_line (start -0.258578 0.71) (end 0.258578 0.71) (layer F.SilkS) (width 0.12))
    (fp_line (start -1.68 0.95) (end -1.68 -0.95) (layer F.CrtYd) (width 0.05))
    (fp_line (start -1.68 -0.95) (end 1.68 -0.95) (layer F.CrtYd) (width 0.05))
    (fp_line (start 1.68 -0.95) (end 1.68 0.95) (layer F.CrtYd) (width 0.05))
    (fp_line (start 1.68 0.95) (end -1.68 0.95) (layer F.CrtYd) (width 0.05))
    (fp_text user %R (at 0 0) (layer F.Fab)
      (effects (font (size 0.5 0.5) (thickness 0.08)))
    )
    (pad 1 smd roundrect (at -0.9375 0) (size 0.975 1.4) (layers F.Cu F.Paste F.Mask) (roundrect_rratio 0.25)
      (net 10 "Net-(R402-Pad2)"))
    (pad 2 smd roundrect (at 0.9375 0) (size 0.975 1.4) (layers F.Cu F.Paste F.Mask) (roundrect_rratio 0.25)
      (net 5 GND))
    (model ${KISYS3DMOD}/Resistor_SMD.3dshapes/R_0805_2012Metric.wrl
      (at (xyz 0 0 0))
      (scale (xyz 1 1 1))
      (rotate (xyz 0 0 0))
    )
  )

  (module Resistor_SMD:R_0805_2012Metric (layer F.Cu) (tedit 5B36C52B) (tstamp 5C619FB3)
    (at 237.4 48.6875 90)
    (descr "Resistor SMD 0805 (2012 Metric), square (rectangular) end terminal, IPC_7351 nominal, (Body size source: https://docs.google.com/spreadsheets/d/1BsfQQcO9C6DZCsRaXUlFlo91Tg2WpOkGARC1WS5S8t0/edit?usp=sharing), generated with kicad-footprint-generator")
    (tags resistor)
    (path /5BEEC4C8/5BE4772A)
    (attr smd)
    (fp_text reference R405 (at 0 -1.65 90) (layer F.SilkS)
      (effects (font (size 1 1) (thickness 0.15)))
    )
    (fp_text value 200mR (at 0 1.65 90) (layer F.Fab)
      (effects (font (size 1 1) (thickness 0.15)))
    )
    (fp_text user %R (at 0 0 90) (layer F.Fab)
      (effects (font (size 0.5 0.5) (thickness 0.08)))
    )
    (fp_line (start 1.68 0.95) (end -1.68 0.95) (layer F.CrtYd) (width 0.05))
    (fp_line (start 1.68 -0.95) (end 1.68 0.95) (layer F.CrtYd) (width 0.05))
    (fp_line (start -1.68 -0.95) (end 1.68 -0.95) (layer F.CrtYd) (width 0.05))
    (fp_line (start -1.68 0.95) (end -1.68 -0.95) (layer F.CrtYd) (width 0.05))
    (fp_line (start -0.258578 0.71) (end 0.258578 0.71) (layer F.SilkS) (width 0.12))
    (fp_line (start -0.258578 -0.71) (end 0.258578 -0.71) (layer F.SilkS) (width 0.12))
    (fp_line (start 1 0.6) (end -1 0.6) (layer F.Fab) (width 0.1))
    (fp_line (start 1 -0.6) (end 1 0.6) (layer F.Fab) (width 0.1))
    (fp_line (start -1 -0.6) (end 1 -0.6) (layer F.Fab) (width 0.1))
    (fp_line (start -1 0.6) (end -1 -0.6) (layer F.Fab) (width 0.1))
    (pad 2 smd roundrect (at 0.9375 0 90) (size 0.975 1.4) (layers F.Cu F.Paste F.Mask) (roundrect_rratio 0.25)
      (net 5 GND))
    (pad 1 smd roundrect (at -0.9375 0 90) (size 0.975 1.4) (layers F.Cu F.Paste F.Mask) (roundrect_rratio 0.25)
      (net 12 "Net-(R405-Pad1)"))
    (model ${KISYS3DMOD}/Resistor_SMD.3dshapes/R_0805_2012Metric.wrl
      (at (xyz 0 0 0))
      (scale (xyz 1 1 1))
      (rotate (xyz 0 0 0))
    )
  )

  (module Resistor_SMD:R_0805_2012Metric (layer F.Cu) (tedit 5B36C52B) (tstamp 5C619FC4)
    (at 237.6 68.4125 270)
    (descr "Resistor SMD 0805 (2012 Metric), square (rectangular) end terminal, IPC_7351 nominal, (Body size source: https://docs.google.com/spreadsheets/d/1BsfQQcO9C6DZCsRaXUlFlo91Tg2WpOkGARC1WS5S8t0/edit?usp=sharing), generated with kicad-footprint-generator")
    (tags resistor)
    (path /5BEEC4C8/5BE42F71)
    (attr smd)
    (fp_text reference R406 (at 0.1375 1.8 270) (layer F.SilkS)
      (effects (font (size 1 1) (thickness 0.15)))
    )
    (fp_text value 200mR (at 0 1.65 270) (layer F.Fab)
      (effects (font (size 1 1) (thickness 0.15)))
    )
    (fp_line (start -1 0.6) (end -1 -0.6) (layer F.Fab) (width 0.1))
    (fp_line (start -1 -0.6) (end 1 -0.6) (layer F.Fab) (width 0.1))
    (fp_line (start 1 -0.6) (end 1 0.6) (layer F.Fab) (width 0.1))
    (fp_line (start 1 0.6) (end -1 0.6) (layer F.Fab) (width 0.1))
    (fp_line (start -0.258578 -0.71) (end 0.258578 -0.71) (layer F.SilkS) (width 0.12))
    (fp_line (start -0.258578 0.71) (end 0.258578 0.71) (layer F.SilkS) (width 0.12))
    (fp_line (start -1.68 0.95) (end -1.68 -0.95) (layer F.CrtYd) (width 0.05))
    (fp_line (start -1.68 -0.95) (end 1.68 -0.95) (layer F.CrtYd) (width 0.05))
    (fp_line (start 1.68 -0.95) (end 1.68 0.95) (layer F.CrtYd) (width 0.05))
    (fp_line (start 1.68 0.95) (end -1.68 0.95) (layer F.CrtYd) (width 0.05))
    (fp_text user %R (at 0 0 270) (layer F.Fab)
      (effects (font (size 0.5 0.5) (thickness 0.08)))
    )
    (pad 1 smd roundrect (at -0.9375 0 270) (size 0.975 1.4) (layers F.Cu F.Paste F.Mask) (roundrect_rratio 0.25)
      (net 13 "Net-(R406-Pad1)"))
    (pad 2 smd roundrect (at 0.9375 0 270) (size 0.975 1.4) (layers F.Cu F.Paste F.Mask) (roundrect_rratio 0.25)
      (net 5 GND))
    (model ${KISYS3DMOD}/Resistor_SMD.3dshapes/R_0805_2012Metric.wrl
      (at (xyz 0 0 0))
      (scale (xyz 1 1 1))
      (rotate (xyz 0 0 0))
    )
  )

  (module Resistor_SMD:R_0805_2012Metric (layer F.Cu) (tedit 5B36C52B) (tstamp 5C6F22AB)
    (at 233.3375 108.95 180)
    (descr "Resistor SMD 0805 (2012 Metric), square (rectangular) end terminal, IPC_7351 nominal, (Body size source: https://docs.google.com/spreadsheets/d/1BsfQQcO9C6DZCsRaXUlFlo91Tg2WpOkGARC1WS5S8t0/edit?usp=sharing), generated with kicad-footprint-generator")
    (tags resistor)
    (path /5BEEC636/5C4B589F)
    (attr smd)
    (fp_text reference R501 (at -0.0625 3.8 180) (layer F.SilkS)
      (effects (font (size 1 1) (thickness 0.15)))
    )
    (fp_text value 1k (at 0 1.65 180) (layer F.Fab)
      (effects (font (size 1 1) (thickness 0.15)))
    )
    (fp_text user %R (at 0 0 180) (layer F.Fab)
      (effects (font (size 0.5 0.5) (thickness 0.08)))
    )
    (fp_line (start 1.68 0.95) (end -1.68 0.95) (layer F.CrtYd) (width 0.05))
    (fp_line (start 1.68 -0.95) (end 1.68 0.95) (layer F.CrtYd) (width 0.05))
    (fp_line (start -1.68 -0.95) (end 1.68 -0.95) (layer F.CrtYd) (width 0.05))
    (fp_line (start -1.68 0.95) (end -1.68 -0.95) (layer F.CrtYd) (width 0.05))
    (fp_line (start -0.258578 0.71) (end 0.258578 0.71) (layer F.SilkS) (width 0.12))
    (fp_line (start -0.258578 -0.71) (end 0.258578 -0.71) (layer F.SilkS) (width 0.12))
    (fp_line (start 1 0.6) (end -1 0.6) (layer F.Fab) (width 0.1))
    (fp_line (start 1 -0.6) (end 1 0.6) (layer F.Fab) (width 0.1))
    (fp_line (start -1 -0.6) (end 1 -0.6) (layer F.Fab) (width 0.1))
    (fp_line (start -1 0.6) (end -1 -0.6) (layer F.Fab) (width 0.1))
    (pad 2 smd roundrect (at 0.9375 0 180) (size 0.975 1.4) (layers F.Cu F.Paste F.Mask) (roundrect_rratio 0.25)
      (net 14 "Net-(R501-Pad2)"))
    (pad 1 smd roundrect (at -0.9375 0 180) (size 0.975 1.4) (layers F.Cu F.Paste F.Mask) (roundrect_rratio 0.25)
      (net 15 "/Digital logic/HK4"))
    (model ${KISYS3DMOD}/Resistor_SMD.3dshapes/R_0805_2012Metric.wrl
      (at (xyz 0 0 0))
      (scale (xyz 1 1 1))
      (rotate (xyz 0 0 0))
    )
  )

  (module Resistor_SMD:R_0805_2012Metric (layer F.Cu) (tedit 5B36C52B) (tstamp 5C6F26EA)
    (at 232.9375 119.15 180)
    (descr "Resistor SMD 0805 (2012 Metric), square (rectangular) end terminal, IPC_7351 nominal, (Body size source: https://docs.google.com/spreadsheets/d/1BsfQQcO9C6DZCsRaXUlFlo91Tg2WpOkGARC1WS5S8t0/edit?usp=sharing), generated with kicad-footprint-generator")
    (tags resistor)
    (path /5BEEC636/5C5D589D)
    (attr smd)
    (fp_text reference R502 (at -0.0625 -3.8 180) (layer F.SilkS)
      (effects (font (size 1 1) (thickness 0.15)))
    )
    (fp_text value 1k (at 0 1.65 180) (layer F.Fab)
      (effects (font (size 1 1) (thickness 0.15)))
    )
    (fp_text user %R (at 0 0 180) (layer F.Fab)
      (effects (font (size 0.5 0.5) (thickness 0.08)))
    )
    (fp_line (start 1.68 0.95) (end -1.68 0.95) (layer F.CrtYd) (width 0.05))
    (fp_line (start 1.68 -0.95) (end 1.68 0.95) (layer F.CrtYd) (width 0.05))
    (fp_line (start -1.68 -0.95) (end 1.68 -0.95) (layer F.CrtYd) (width 0.05))
    (fp_line (start -1.68 0.95) (end -1.68 -0.95) (layer F.CrtYd) (width 0.05))
    (fp_line (start -0.258578 0.71) (end 0.258578 0.71) (layer F.SilkS) (width 0.12))
    (fp_line (start -0.258578 -0.71) (end 0.258578 -0.71) (layer F.SilkS) (width 0.12))
    (fp_line (start 1 0.6) (end -1 0.6) (layer F.Fab) (width 0.1))
    (fp_line (start 1 -0.6) (end 1 0.6) (layer F.Fab) (width 0.1))
    (fp_line (start -1 -0.6) (end 1 -0.6) (layer F.Fab) (width 0.1))
    (fp_line (start -1 0.6) (end -1 -0.6) (layer F.Fab) (width 0.1))
    (pad 2 smd roundrect (at 0.9375 0 180) (size 0.975 1.4) (layers F.Cu F.Paste F.Mask) (roundrect_rratio 0.25)
      (net 16 "Net-(R502-Pad2)"))
    (pad 1 smd roundrect (at -0.9375 0 180) (size 0.975 1.4) (layers F.Cu F.Paste F.Mask) (roundrect_rratio 0.25)
      (net 17 "/Digital logic/HK5"))
    (model ${KISYS3DMOD}/Resistor_SMD.3dshapes/R_0805_2012Metric.wrl
      (at (xyz 0 0 0))
